# SOFA raw receiver order; shared distance correction applied exactly once
6.9240108255375524e-05 -3.6609830258200947e-06
0.0012443527201424092 -2.5280532847729619e-05
-0.0020472396057789103 1.7073568019712737e-06
0.0047724145171423229 -4.8621513874679063e-05
0.015898232348263264 -1.3913181646785233e-05
-0.021192079008274675 -5.9542358477596613e-06
0.041926635819547475 -0.0002124830960544117
-0.025472773441814339 0.0001724128378549959
0.012937991879880428 -0.00024577611475251615
-0.0046540107578039169 0.00036485155578702688
-0.0027014890220016241 -5.721631896449253e-05
-0.04254453256726265 0.00013771130761597306
0.028915746137499809 -0.00014932312478777021
-0.15419073402881622 0.00052816822426393628
0.54250836372375488 -0.0006761730182915926
0.98285341262817383 0.00066504115238785744
0.39932924509048462 0.0012067769421264529
0.046025238931179047 2.0509921796474373e-06
-0.16848120093345642 0.00097338232444599271
0.33710777759552002 -0.00087810942204669118
0.20984071493148804 0.0013486352981999516
-0.49933502078056335 0.00028929393738508224
-0.32290300726890564 -0.00041046022670343518
0.56557410955429077 -0.00067366159055382013
0.50485873222351074 0.00097984436433762312
-0.24399280548095703 0.0019072253489866853
-0.16386178135871887 0.00056263600708916783
0.1647355854511261 0.00051214871928095818
0.024391122162342072 0.00054990744683891535
-0.070810310542583466 0.0012579692993313074
-0.020863711833953857 0.00018579699099063873
-0.06654803454875946 -0.0010533133754506707
-0.07297978550195694 0.00034813504316844046
-0.0081528946757316589 0.0027174185961484909
-0.027682740241289139 0.0014676734572276473
0.085561521351337433 -0.00054704677313566208
0.031240368261933327 0.0011503515997901559
-0.11818335950374603 0.0025360372383147478
0.0043274634517729282 0.0003243089304305613
-0.014490138739347458 -0.002174770925194025
-0.17358808219432831 0.0009113413980230689
0.01222295593470335 0.0037240004166960716
0.12485575675964355 0.0010358871659263968
-0.046548850834369659 -0.00053438631584867835
-0.051561739295721054 0.0037054151762276888
0.032123643904924393 0.0069584776647388935
-0.030262146145105362 0.0024445888120681047
0.033501584082841873 0.0022746038157492876
0.073440603911876678 0.016860395669937134
-0.05255335196852684 0.027336925268173218
-0.038716793060302734 0.023935509845614433
0.0379173643887043 0.02436395175755024
-0.052162297070026398 0.034009199589490891
-0.02786962129175663 0.041797105222940445
0.081335775554180145 0.038528524339199066
0.0095793586224317551 0.040515739470720291
-0.012089887633919716 0.05132763460278511
0.032084263861179352 0.04601924866437912
-0.021845445036888123 0.040335498750209808
-0.017253266647458076 0.043562587350606918
0.12809668481349945 0.034200634807348251
0.047495841979980469 0.018790706992149353
-0.11593706905841827 0.0085832281038165092
-0.056269675493240356 0.0087327621877193451
0.12266326695680618 0.011847007088363171
0.14542442560195923 0.0078777056187391281
0.020312365144491196 0.0010272443760186434
-0.055950254201889038 -0.001841061981394887
-0.046640943735837936 -0.0024244389496743679
0.12685114145278931 -0.0062600253149867058
-0.066110178828239441 -0.0025426899082958698
-0.32151663303375244 0.0050090299919247627
0.0031107100658118725 0.00082825409481301904
0.16366660594940186 -0.0076138176955282688
-0.0035699242725968361 -0.0071074552834033966
-0.05631101131439209 -0.0023429696448147297
-0.056433111429214478 -0.0031053456477820873
-0.058453582227230072 -0.0042194761335849762
-0.028061438351869583 -0.00098809658084064722
0.039312295615673065 -5.8544777857605368e-05
-0.092261746525764465 -0.0034206700511276722
-0.051965653896331787 -0.006723309401422739
0.078309781849384308 -0.0031753717921674252
-0.018809450790286064 0.0027630627155303955
0.0048330812714993954 0.0028718507383018732
0.080485500395298004 -0.00013920517812948674
0.070595130324363708 -0.00035174624645151198
0.0091232191771268845 0.0018638098845258355
0.0085631245747208595 0.0012459610588848591
0.0045143463648855686 0.00081638566916808486
-0.019737072288990021 0.0027989272493869066
0.061046294867992401 0.0035171536728739738
0.0034257888328284025 0.0015898838173598051
-0.02637510746717453 -0.00087993044871836901
0.073593422770500183 -0.00040647608693689108
0.01967899315059185 0.0028205879498273134
-0.054058462765927233 0.0050107788876746339
-0.0040698489038778233 0.0053050079175906914
0.043302212505632445 0.0059014034885791567
0.0003815791983547172 0.0067170409490215008
-0.006381124397539472 0.0051084140578061933
0.0052601020129100897 0.0032362224092789041
-0.020116328068862051 0.0032330040711934733
0.015420765362431092 0.0021285666569950882
0.028813268392936856 -0.00066062583845328594
-0.0065573704314743769 -0.0046632288134451647
0.0023920750245451927 -0.0060838996432721615
-0.0051106206881252701 -0.0041926797078085769
-0.020996909056822343 -0.0032421017025952288
0.010294076954220507 -0.0038715264207070978
0.017256516692813001 -0.0024528232904623679
-0.0027818202936049836 -0.00069151836696702536
-0.022732719465069901 -0.0017370874819739421
0.0013619095532435752 -0.0028841874147239608
0.013093028819101474 -0.001444020366964604
-0.0065661126589981874 -0.00013171921839869131
-0.0078902765700131407 -0.00059622410118291959
0.0022602073989146207 -0.0009853305783128249
-0.00059051634120508038 -0.00081692561324984059
-0.0001126011979184331 -0.0003469514351097557
-0.0017616690159309625 -0.00013394809333540819
-0.0033579912339134948 -7.4904847489295294e-05
-0.00028183374610262857 7.7948362981786413e-05
0.0007400973296958494 0.00012884646917713367
0.00041633047950714804 5.3437260248126872e-05
-9.9580294793914477e-05 3.8437956212528322e-06
-3.2317970462945704e-05 3.6808330822376702e-06
0 0
